user1,78,17,44,621
user1007,76,23,77,717
user103,133,49,44,794
user104,58,49,80,699
user112,33,34,47,749
user113,42,21,31,583
user129,48,21,4,354
user13,141,49,28,949
user131,34,24,10,295
user132,39,11,9,291
user14,188,25,38,1001
user15,162,45,28,963
user16,53,50,48,566
user173,36,11,5,968
user175,15,9,33,256
user177,50,37,4,496
user179,18,12,7,408
user182,96,48,31,582
user183,94,52,24,562
user198,78,0,8,226
user213,105,2,6,244
user214,86,3,15,366
user215,47,2,2,138
user221,100,317,93,1075
user222,95,321,96,1129
user223,96,185,96,1007
user23,61,2,34,537
user242,44,0,4,342
user243,48,0,6,315
user245,39,1,4,255
user266,52,20,33,406
user269,35,24,86,847
user279,119,7,24,974
user282,72,16,19,960
user283,81,9,39,1079
user289,59,39,23,736
user290,52,25,14,284
user297,15,4,118,976
user299,101,35,87,851
user311,126,2,12,1076
user313,143,8,4,1016
user314,101,5,6,1068
user32,73,4,40,571
user321,23,10,6,190
user322,32,7,5,174
user323,46,24,35,622
user346,75,18,31,635
user348,62,340,48,832
user349,64,273,72,847
user35,6,6,2,312
user352,34,215,65,688
user369,11,19,27,301
user372,36,29,93,724
user377,21,0,5,194
user378,63,15,75,714
user380,62,18,68,701
user404,20,88,90,891
user408,97,195,69,1082
user409,72,112,84,1006
user410,30,49,31,377
user449,42,9,1,546
user450,23,12,0,819
user453,30,23,3,780
user456,77,108,63,688
user458,30,21,47,661
user484,13,98,95,801
user485,23,61,95,889
user488,8,92,101,1145
user491,35,17,89,796
user492,37,11,96,854
user494,20,11,85,673
user495,28,17,97,720
user519,29,0,18,201
user522,54,11,22,508
user524,63,5,13,594
user544,13,18,24,256
user545,94,39,25,529
user550,77,104,60,695
user551,79,15,91,890
user552,39,16,95,955
user554,47,15,89,909
user555,54,18,93,1017
user562,40,1,20,508
user563,27,0,12,497
user565,40,1,21,482
user585,40,109,65,659
user586,4,1,27,243
user598,9,6,6,332
user599,16,8,12,357
user604,41,72,98,832
user605,40,72,80,728
user606,48,47,95,749
user613,14,18,59,635
user614,23,2,2,279
user615,27,1,1,260
user616,1,0,3,266
user617,9,0,3,183
user624,2,51,16,416
user625,7,21,4,336
user626,1,13,0,334
user627,8,22,0,384
user629,44,12,15,368
user636,47,36,99,796
user637,5,4,98,640
user641,161,62,125,1265
user646,63,22,24,638
user647,46,26,19,574
user66,58,2,6,689
user666,73,9,31,507
user679,20,7,18,341
user69,84,0,1,525
user709,55,12,57,844
user710,88,7,41,749
user711,113,8,20,721
user737,19,9,63,749
user744,256,56,26,1101
user745,262,75,23,1113
user752,10,2,101,887
user753,0,0,102,978
user755,34,37,77,828
user768,81,56,69,1033
user769,52,17,73,925
user771,74,12,55,580
user773,74,18,89,796
user774,20,8,10,177
user806,66,8,88,872
user823,7,71,35,379
user835,52,2,2,296
user842,49,77,4,456
user843,61,61,6,515
user844,61,67,14,537
user848,36,0,4,304
user854,35,47,84,823
user863,12,0,13,615
user864,12,4,9,565
user865,13,4,8,363
user871,49,1,11,315
user873,13,8,6,400
user875,21,1,19,501
user888,130,42,23,506
user893,11,61,52,389
user928,66,1,12,541
user929,82,13,9,649
user931,142,8,10,693
user937,28,21,46,417
user943,138,61,63,717
user944,45,42,43,505
user96,1,1,192,1214
user97,4,2,177,1133
user973,75,19,25,472
user989,63,35,85,831
user990,56,8,56,580
